spaceR, spaceL, weightR, weightL, timeR, timeL, flowR, flowL, Class
1.1207,1.1311,0.0646,0.4384,0.0012,0.0119,0.0033,0.0078,Ne
1.0779,1.1301,0.1172,0.7445,0.0011,0.0029,0.0004,0.0017,OE-
1.0856,1.0761,0.8341,1.4998,0.0015,0.0083,0.0051,0.0074,OE+
1.1236,1.1162,0.4373,1.6170,0.0075,0.0152,0.0163,0.0203,NCA-
1.0875,1.1085,0.5395,2.3787,0.0036,0.0088,0.0102,0.0147,NCA+
1.1570,1.1690,0.1903,0.3169,0.0067,0.0046,0.0048,0.0089,OE-
1.0848,1.1006,0.3323,1.1522,0.0119,0.0141,0.0313,0.0438,OE+
1.1296,1.1542,1.2757,1.8558,0.0015,0.0077,0.0076,0.0075,NCA-
1.1310,1.0321,0.1911,0.5620,0.0022,0.0048,0.0067,0.0073,NCA+
1.1211,1.0999,0.1724,0.5673,0.0037,0.0035,0.0025,0.0026,NCA-
1.1786,1.1340,0.1559,0.6706,0.0026,0.0045,0.0036,0.0035,NCA+
1.1204,1.1190,0.5820,0.3973,0.0021,0.0019,0.0041,0.0032,Ne
1.1150,1.1297,0.3427,0.2002,0.0068,0.0067,0.0098,0.0073,OE-
1.0777,1.0784,1.0746,0.9914,0.0012,0.0017,0.0009,0.0004,OE+
1.1605,1.1635,0.4410,0.3188,0.0066,0.0122,0.0504,0.0302,NCA-
1.1044,1.1047,0.4729,0.5553,0.0022,0.0011,0.0017,0.0020,NCA+
1.1374,1.1756,0.1675,0.1539,0.0039,0.0027,0.0046,0.0071,OE-
1.1231,1.1119,0.4669,0.5304,0.0037,0.0029,0.0031,0.0070,OE+
1.1058,1.1105,0.7732,1.6625,0.0013,0.0017,0.0056,0.0064,NCA-
1.1235,1.1206,0.7302,0.2624,0.0005,0.0012,0.0052,0.0068,NCA+
1.1553,1.1241,0.3328,0.1461,0.0010,0.0023,0.0030,0.0042,NCA-
1.0871,1.0987,0.1254,0.1865,0.0017,0.0016,0.0051,0.0049,NCA+
1.1356,1.1641,0.3459,0.2279,0.0010,0.0008,0.0017,0.0018,Ne
1.1675,1.1573,0.8421,1.0057,0.0009,0.0013,0.0006,0.0020,OE-
1.0862,1.1044,0.2009,0.1863,0.0001,0.0014,0.0016,0.0016,OE+
1.1141,1.0865,0.7157,0.7407,0.0013,0.0009,0.0035,0.0027,NCA-
1.1097,1.1186,0.2669,0.5443,0.0008,0.0021,0.0012,0.0034,NCA+
1.0682,1.0747,0.4388,0.8161,0.0017,0.0012,0.0011,0.0013,OE-
1.1406,1.1440,1.3622,0.8095,0.0009,0.0007,0.0040,0.0038,OE+
1.1153,1.0851,0.6012,0.5634,0.0004,0.0004,0.0015,0.0024,NCA-
1.1238,1.1029,0.1819,0.1469,0.0004,0.0004,0.0005,0.0019,NCA+
1.0457,1.1104,0.1906,0.1434,0.0009,0.0003,0.0012,0.0012,NCA-
1.1061,1.1128,1.2676,0.9636,0.0013,0.0024,0.0042,0.0035,NCA+
1.1438,1.0365,0.1323,0.2988,0.0020,0.0011,0.0013,0.0019,Ne
1.1004,1.1325,0.1503,0.2041,0.0063,0.0100,0.0044,0.0181,OE-
1.2137,1.1554,0.1090,0.3026,0.0021,0.0018,0.0133,0.0015,OE+
1.0879,1.1584,0.5598,1.2616,0.0041,0.0055,0.0083,0.0090,NCA-
1.0987,1.1239,0.2452,0.3985,0.0006,0.0008,0.0006,0.0000,NCA+
1.1460,1.1266,0.1169,0.3797,0.0007,0.0148,0.0086,0.0154,OE-
1.1157,1.1424,1.9104,2.0065,0.0042,0.0049,0.0091,0.0220,OE+
1.0958,1.1035,0.1652,0.3811,0.0013,0.0018,0.0027,0.0076,NCA-
1.0999,1.1213,0.1457,0.4587,0.0003,0.0012,0.0024,0.0023,NCA+
1.1986,1.0299,0.2977,0.4174,0.0017,0.0035,0.0104,0.0101,NCA-
1.0687,1.1156,0.1689,0.1946,0.0024,0.0048,0.0059,0.0076,NCA+
1.1374,1.1459,2.1245,1.4856,0.0031,0.0036,0.0063,0.0064,Ne
1.1513,1.0390,2.2710,0.8051,0.0048,0.0034,0.0118,0.0103,OE-
1.1100,1.1011,2.1390,1.1315,0.0028,0.0021,0.0136,0.0147,OE+
1.0971,1.0738,1.0428,1.4312,0.0027,0.0016,0.0069,0.0117,NCA-
1.1462,1.1447,2.7626,1.3845,0.0124,0.0071,0.0113,0.0056,NCA+
1.1242,1.0948,0.6329,0.3825,0.0031,0.0036,0.0005,0.0028,OE-
1.1110,1.1485,2.0834,1.3837,0.0006,0.0004,0.0014,0.0010,OE+
1.0919,1.0996,2.9336,2.8430,0.0055,0.0051,0.0044,0.0065,NCA-
1.0846,1.0499,1.4030,1.3439,0.0043,0.0026,0.0143,0.0080,NCA+
1.1235,1.0938,1.4216,1.4422,0.0050,0.0056,0.0345,0.0188,NCA-
1.1195,1.1102,1.4080,1.1608,0.0057,0.0039,0.0054,0.0068,NCA+
1.0659,1.0655,0.3468,0.2581,0.0008,0.0014,0.0040,0.0030,Ne
1.0976,1.0978,0.0995,0.1073,0.0008,0.0010,0.0015,0.0006,OE-
1.0990,1.0981,0.2379,0.1686,0.0016,0.0023,0.0033,0.0069,OE+
1.2322,1.1833,0.2385,0.2100,0.0030,0.0027,0.0020,0.0032,NCA-
1.0773,1.0842,0.1492,0.1514,0.0003,0.0008,0.0001,0.0003,NCA+
1.0623,1.0539,0.5008,0.4017,0.0017,0.0026,0.0048,0.0028,OE-
1.0651,1.0528,0.6966,1.3574,0.0019,0.0025,0.0016,0.0031,OE+
1.1188,1.1185,0.4337,0.5845,0.0034,0.0019,0.0053,0.0053,NCA-
1.1238,1.1298,0.3482,0.3072,0.0033,0.0037,0.0044,0.0034,NCA+
1.1758,1.1751,0.2187,0.0829,0.0010,0.0010,0.0013,0.0009,NCA-
1.0705,1.0678,0.4067,1.0080,0.0014,0.0017,0.0033,0.0028,NCA+
1.1652,1.1457,0.4367,1.7971,0.0131,0.0187,0.0111,0.0111,Ne
1.1217,1.0972,0.2550,0.9543,0.0022,0.0046,0.0117,0.0129,OE-
1.1480,1.1581,0.2087,1.3376,0.0023,0.0034,0.0082,0.0046,OE+
1.0484,1.0307,0.8239,2.0741,0.0081,0.0169,0.0115,0.0317,NCA-
1.0707,1.0283,0.5482,1.7748,0.0126,0.0208,0.0206,0.0170,NCA+
1.1495,1.1748,0.3758,0.8628,0.0062,0.0054,0.0129,0.0042,OE-
1.1538,1.1264,1.1762,2.3599,0.0030,0.0022,0.0100,0.0118,OE+
1.1209,1.1085,2.7294,1.7959,0.0137,0.0094,0.0207,0.0360,NCA-
1.1251,1.1120,0.7195,1.7149,0.0015,0.0029,0.0012,0.0039,NCA+
1.1097,1.1027,0.9730,2.7020,0.0110,0.0121,0.0023,0.0078,NCA-
1.0963,1.1243,1.3063,2.1513,0.0057,0.0042,0.0034,0.0056,NCA+
1.0895,1.1397,0.5763,0.3405,0.0024,0.0019,0.0036,0.0033,Ne
1.1280,1.1271,0.1573,0.1895,0.0028,0.0012,0.0029,0.0026,OE-
1.1566,1.1448,0.1604,0.1954,0.0051,0.0028,0.0004,0.0097,OE+
1.1554,1.1190,0.2023,0.3395,0.0103,0.0105,0.0030,0.0085,NCA-
1.1240,1.1379,0.5734,0.7567,0.0034,0.0042,0.0061,0.0039,NCA+
1.1288,1.1812,0.2592,0.8302,0.0055,0.0052,0.0029,0.0048,OE-
1.0480,1.0964,0.5525,0.8690,0.0091,0.0112,0.0127,0.0283,OE+
1.0631,1.0752,0.6854,0.7212,0.0019,0.0019,0.0037,0.0039,NCA-
1.1284,1.1271,0.3850,0.4410,0.0022,0.0029,0.0042,0.0128,NCA+
1.0866,1.0807,0.1655,0.2760,0.0023,0.0039,0.0073,0.0070,NCA-
1.0691,1.0955,0.1296,0.1345,0.0021,0.0025,0.0011,0.0044,NCA+
1.0583,1.1145,1.3246,0.4376,0.0008,0.0012,0.0043,0.0006,Ne
1.1127,1.1290,0.4175,0.6816,0.0039,0.0012,0.0063,0.0024,OE-
1.1203,1.1258,0.1724,0.6401,0.0028,0.0021,0.0013,0.0080,OE+
1.0931,1.1006,0.6824,1.7708,0.0021,0.0024,0.0102,0.0027,NCA-
1.1606,1.1157,0.1602,1.7766,0.0008,0.0006,0.0024,0.0008,NCA+
1.1825,1.1379,0.0601,0.4150,0.0018,0.0009,0.0034,0.0006,OE-
1.0414,1.0574,3.9979,1.7346,0.0037,0.0075,0.0494,0.0725,OE+
1.1048,1.0992,0.3657,0.8235,0.0002,0.0014,0.0002,0.0015,NCA-
1.1334,1.1235,0.4333,0.5387,0.0012,0.0012,0.0048,0.0042,NCA+
1.0972,1.1613,0.4365,0.6585,0.0014,0.0019,0.0049,0.0048,NCA-
1.0947,1.1387,0.2812,0.7328,0.0003,0.0013,0.0023,0.0031,NCA+
